4115657
1928352
32140
3851237
5126121
5270898
6400865
97940
5882936
6391291
6185243
4191808
6256900
6151744
5819081
6673774
1463415
4134154
780071
5778289
4077356
794491
5314037
842988
1836811
2228442
6229087
5568217
6533827
5219041
6862560
6180067
6341480
5880815
1377763
5242276
1589348
2012741
5270655
6389645
6722097
5376853
558848
4140883
1033060
6268263
6432575
3255032
6023334
2128062
3853194
6739337
6418841
976397
1884246
1655747
2165665
969041
5776265
6569780
26583
6674954
3867462
6640757
508718
5225255
6237938
6187618
682119
5994990
1923070
1299969
6260724
192864
4136098
1928339
6313591
5629550
1656533
2028840
5880482
5499449
2246517
6740517
5159770
5911771
5924762
1022328
1985365
5251506
1249182
5936718
2245562
6070481
6487222
3948387
6993664
5816900
1295250
6848935
3886001
6137852
6249033
5190488
1262476
604730
5995811
862977
3910947
5190481
5155484
5786462
6629500
2162767
6505954
1746635
1828001
5368512
3422457
775202
809242
5509246
5005364
5287296
4171038
4134771
6827149
5044548
4033845
6466428
1867269
6204053
802740
1606721
5320487
6307063
1099148
2015166
878068
3847495
6120764
4095599
6605263
1892895
1996237
924278
6009229
5509670
3851572
4004275
3867433
6371510
6304086
6697453
1173122
5251036
4067023
5054911
6673917
2162573
3841978
6036704
5900639
1244298
2246394
5163963
1604398
5544163
5278768
6295096
5671340
3851214
5115822
894826
6810104
559007
6011719
205817
5180356
421690
6943955
6754737
703865
1014503
5204638
6138274
5778291
1788499
6965758
991017
5037846
3844914
5355114
5557903
6607782
5221055
2205598
714244
5031768
6268309
6252163
3407768
1472061
5249141
6994687
1596186
6638917
5354087
3972975
6341853
6599036
69372
5354083
5185560
5172623
1747402
5211100
6681061
6431520
5521762
4083744
1820886
5638163
3847498
6860273
935008
6582852
5603991
1470835
5315383
1161984
1059207
4049730
6617918
1612630
2236599
737276
3884253
1070691
5076495
5046718
6697088
6083237
854822
814568
589577
4144064
6017917
67954
1484276
6285029
5758250
6407268
3970848
6329620
3809667
6436807
3859234
1943130
3847497
6864147
1247595
1436161
1643845
1207963
3841979
52510
6621235
1457519
903692
1247883
4138260
465534
5074341
5643385
4146019
5857770
6079048
5490466
4136296
6822810
4156557
858844
3979525
1721471
1466194
1303756
1927503
1281465
1585116
6249125
3016378
6477195
1465050
6049665
6179674
701462
878752
4138497
6442806
5904056
5548477
1917879
1587981
5214166
3869443
6351551
6162905
1322666
5896607
578641
2067686
6082315
5064860
1943104
5973790
6511620
6020866
5046729
5214939
4118428
5989425
3851211
4185736
6315318
6283157
4049726
1415812
5126632
5019311
4026026
92800
6327936
3941629
1267448
6807246
5251025
1820864
1325998
1247205
758107
3989463
1066135
1583988
6112955
1893630
5853444
5190915
605672
1927471
1690693
6587834
3064334
6766017
4193801
1018409
5261965
6532458
1377638
1800253
4148196
2115605
6244002
5996539
1295131
45183
2106125
6439822
5808967
5289960
1531302
5308860
6208748
6112988
1344425
7022857
769691
549727
6517640
4093585
5527916
7004705
6607574
819075
3853428
6796845
6810556
6144848
4010611
4083741
1210346
4197007
223670
6642712
939884
5145708
62547
3937260
5653833
6130789
5488799
3492781
3105555
4130480
5079391
1599278
12539
6658828
5031975
6339884
5060435
1669676
4156559
2055275
949805
5803134
5068886
6456989
5202761
6759020
6678015
6489563
5862100
1470826
5880862
6624468
5853147
1064118
6413747
3015574
3099789
1484619
3847480
5950552
6101583
1687751
6195026
5679196
2239416
1736648
2124256
1457278
2149316
500363
1670002
6074383
5956045
1599285
1783176
4073397
939332
6632144
3989462
1271778
716515
1996320
3975312
6747246
6740486
5227481
2217364
6769271
3112003
4168780
2175840
4006352
4187927
5519449
6489614
6179675
6479841
6782162
5206191
1471380
1114506
1054527
3944014
5189919
1109782
1829426
60068
5554840
6187055
1293843
4120266
5145030
6549156
6188668
1746421
5019345
6252397
6283159
6437392
5778279
6432807
1114175
6987235
90888
1545869
2183321
6132100
5306416
5046204
1159678
6176592
6051355
4035930
5258070
979307
1332787
5959805
1047587
6460493
6775351
5836429
6369708
6365882
5257422
6199333
1943143
1820880
5826722
6050304
5034347
5114906
5983728
6271638
4032267
3946242
3013491
6636766
6879541
4037929
4079547
3962111
830060
6653586
3887789
6422634
4004274
5967686
5768585
6363066
5826504
5286439
2076001
6867184
6184439
5198188
1263538
5912925
1987815
2158333
6707180
3849401
6686760
5910321
6062862
418899
6976067
5865999
1111347
1968483
6223864
5847764
5947249
6903941
2122477
1912593
1784525
5956964
4173115
2108101
43731
1854341
6053134
5135171
1081992
6361356
828351
839185
851071
6362716
6393266
6967432
5885116
4063205
5236543
1439645
1255695
5272633
5015499
465501
192960
3989874
1532363
2188259
4038857
65513
6782226
6137842
3933165
1551518
1548400
842472
5019476
599740
6351262
1173115
1361544
1927501
6745673
6102239
5955872
6212792
164940
5498561
4043989
4051743
5288841
5224340
1605232
939532
6535677
6497896
6256317
6745682
6361538
6385146
4139860
1820908
2138332
749786
1933214
640656
6030451
5620646
4111206
243456
3957233
6369163
6394063
935074
1172225
1868553
1823816
5559091
5156425
3842005
2093735
5879819
6397324
6116847
6460726
4127322
4158743
1163580
5500888
6226627
3091926
5359056
6216268
1928308
1894266
6124804
495389
4043947
4002188
1902864
6805782
5836430
4106959
5353590
5366637
5727657
6522679
5944119
3906998
5817566
5493639
6827892
1679515
1551508
5286812
2143133
1229925
1620964
6640754
6028789
1230553
5798750
6410495
5135163
6136625
695793
6967382
194447
6762239
5349899
1640984
972673
5693500
569727
1672406
5521758
5674995
1952939
1912525
48328
3937257
3904740
1247926
5279427
4179451
4154565
1542640
5286801
5196198
5183579
6599783
6053816
2203713
3887788
770025
175636
6197990
2004959
7002325
724774
2117191
1996328
5505629
6110192
1198506
563360
6124800
5994457
3648841
2076303
713638
4025938
6300856
5610934
1374583
5643832
5640713
5989844
2097717
5138744
6632140
1894262
4214132
6361348
4025519
6536358
4021256
2074732
1261169
6805522
5667402
937002
3939431
831702
6218041
6394090
1686925
6971605
1452559
5141601
6441611
6352210
62247
1904843
5590255
4210506
1166417
6503023
6112157
898881
4208185
6821371
6813352
6341641
5986852
6892964
714715
6084018
5507941
5826883
6208783
4120265
5045410
3943969
6107821
6220199
5554703
4168871
1589354
3857227
5495800
903688
6928212
2210065
6855939
4101317
6722636
6857222
5519481
5678222
5115687
5972338
6897017
2186169
5813029
5507526
4040270
5373325
5269149
221215
4025521
1236469
5348712
5857691
6229941
5980684
953671
95105
5346725
5012768
1971847
1542515
6544535
1962972
6021893
5017546
1372593
6371506
6995803
6834723
3859652
1594312
6801888
4216452
3237058
5029663
2229859
5210311
6745674
495096
5556396
90039
5543740
6827106
6374656
59744
5047411
5164157
537323
814133
5633527
5030052
6632134
887323
1943116
5262462
4106960
5219853
6325105
4212154
6697557
5937951
793901
2114293
2207358
1944013
6456190
223007
6541559
5658770
5314323
4164982
1287514
5802571
6213902
5955275
5060115
4079569
5498927
5592824
5135169
421699
2136811
5808531
5367560
1839344
1716884
6049431
5289893
6256102
5636167
1540648
4105108
426389
2092430
5190492
5795241
5853582
5231680
5142278
1039315
1018560
912124
6150375
6289414
52515
3877287
5571653
3823912
2092511
2228001
6606968
4025520
4163027
3989747
6182082
5570811
5763631
5142565
6862332
6832116
6415297
809119
761822
5038590
4169077
5791314
6112154
1829641
6374654
4023394
1943340
6857020
5770041
6028122
6954066
2186786
108344
1229022
6640926
5990725
5207534
5588909
681079
1466203
4208250
6652642
27592
5183574
37988
5185557
549049
1680981
5816224
5072930
1833710
6443216
2120945
5956691
2124465
5653667
5019755
6040063
6403354
2184612
1996323
4196083
5722311
5356592
750875
4156562
6053752
41518
4093580
1800022
5164380
1048942
6261791
1916758
5853585
6064710
5299769
597979
6541434
6315306
6284931
5848582
6241511
2079320
5174438
5565601
5152644
29856
6070498
6217229
6855838
32354
1498931
1059198
4004284
1263553
6765968
4000063
5998392
6393999
5627242
2143150
6158052
5125124
6696791
5082190
6382934
1587391
6039816
5657068
1275727
981433
1183003
4008497
5082235
4059509
1466189
6416948
6516461
5207387
2237908
5654994
4177256
47170
6850714
5564799
3983286
5948277
65508
5176723
6697446
5643270
871846
6572538
5910240
6656738
6009971
1355426
1943124
1663205
3285381
903710
729087
6005970
1513067
6023933
3889650
4208255
65420
1583358
5882117
516954
421694
1744045
6158037
1229851
1579931
6227563
6258005
5862044
4154541
699709
6383774
6345309
4218529
3924925
4110794
5967684
913092
6074128
6537694
6850818
5053478
90754
6889757
5530512
5635537
1334510
6384139
6754819
6194679
1185663
1303758
1217318
6897095
1604034
5994402
5308788
4158745
5899008
5853583
1305350
5077407
2030350
6490935
5981325
1066857
5959383
6505630
1782968
991704
6272847
3911568
2009130
5303341
1740026
1780955
6454708
5953588
1123833
6413952
5681487
1489492
5140252
2187236
2052180
4148201
5854926
1425482
6156267
5793158
6405931
6552500
1296812
3867441
5175943
5624874
6919972
6259002
32731
6212931
975547
6981706
5305962
493365
6051011
6162582
5286809
3879471
3349954
4035929
5504451
3995798
2127994
5063158
2067016
5497147
1206029
6852563
2106299
6228979
1313469
227696
6200777
2041069
5930231
5617578
5209021
1483006
6075055
6404852
6404169
1333790
4156558
2111360
1943123
1604194
687765
5120669
1006744
5360654
1789608
3706560
6064840
5362066
6632138
2203419
809306
5224531
4083745
5050054
4160870
5202357
5510472
6412849
2120195
1789556
6351249
4123815
4127327
886138
4106965
1385166
701299
4019165
1210341
5655002
6961572
2020851
5228321
6909996
6073168
4081665
6517637
6256333
3875394
3953381
5359598
1984428
5954087
1927476
812661
5980772
1181652
6367616
2158059
1115328
6756826
4217855
2132942
1694725
3853199
6674723
5044766
1014493
1142771
5073373
6165758
6867376
807859
4163272
6856857
4071024
5172655
4152495
5131009
5679641
5058159
2172835
5565753
3879279
5276362
5190490
605265
4110793
4216038
6288685
5032272
6472733
2124253
5165409
768924
2212422
5573656
1210337
1912573
1488143
4127321
3129635
1224753
6124173
2051573
2025733
6513176
5070733
5909770
6079049
5881207
6862564
6460517
5043642
3842356
6591696
5163914
6399686
5149695
486761
1120726
6389046
6358508
6126844
1690612
5257016
4085751
844886
4191800
6555328
1021575
118406
2215666
6408886
6420614
6339317
1173110
780986
3995797
1236405
1247921
165560
5905748
5817411
6757136
15702
2130773
6689631
4021255
1631909
3853178
6680430
5814197
6908359
5931166
5778609
1307060
5681479
878755
6425077
5603037
1787622
5833789
5242207
1515457
6497998
1420265
6590554
1455272
3993699
2074749
4204779
176717
45053
1902879
5063743
2067685
3865402
65891
1449995
5302435
5837629
6110234
5219171
6284921
4059915
5678268
4031803
3851274
5523997
1426484
2109700
1184285
888943
6435730
590070
1406444
2207900
939543
6909787
6774528
1631908
5980685
2124255
6082925
6242868
3865396
6144585
5565660
5372996
5225672
5538710
6071195
5833180
6028397
5149024
4079549
5115272
903727
2229848
729253
3882533
6617929
4041991
6506170
5277019
6185203
701261
3971145
6625551
4175053
559495
1257084
5991011
6340586
5004726
6184883
6542209
558340
5234059
1688718
3880817
6014062
5784378
6143196
1326436
2070849
2190271
119896
123910
994602
6864740
2207354
4061336
2198616
5819670
6848695
4069310
5678254
5373466
6351080
6001834
646861
6071196
1822069
6384130
4177187
5058330
6449321
5901137
6395134
722416
1088617
6572774
6552629
426377
5763629
6417004
766520
5882352
1182962
5526630
3851213
1823804
6237897
5911773
4004265
2145545
6345304
733566
24973
3889648
6990727
6316617
6991359
5261971
1798889
606924
4212157
5050030
6393612
409930
4177184
5006682
5931559
2187242
5126273
5913774
5641527
5029623
1545404
5761802
6190316
876730
6654448
4077362
2153726
1594761
5071059
1060973
6862551
4205458
4043945
6469796
2139746
4152490
829810
794587
4059568
39061
278910
1637056
5871055
5378768
6971485
6924931
6859383
6837799
6850706
417191
871845
6880890
62237
6966856
434825
1931484
5719814
5236528
6031459
1222888
749712
4191804
5713009
1031610
1384769
1121818
5708791
5233941
1100448
3937519
108037
2076467
2153753
6275229
1023397
6499311
1465832
3966688
6191723
6921593
4047791
1496297
5770244
5807150
5021232
1644381
5621108
993555
6408069
2041080
4089652
2133160
1560694
796681
4173114
5955593
4075710
6472722
6679741
6879669
5308633
6777675
7008574
5306751
5262855
7000047
5229578
6759440
5723739
1133238
519526
6229027
6409244
650770
3724558
1050658
6700477
5685035
6814182
644618
165674
558669
1005400
5604009
4205454
6324891
5711697
1281270
5046724
5269027
3358537
4035933
6859831
5994736
1535388
5643764
4045842
5763627
6506801
5956589
4033846
1727626
5615138
5248428
5189641
1646045
2138422
4008496
6227319
5190487
5314953
558846
2100190
1787209
1344424
2158249
5270897
962531
6399702
3991606
2162572
6567941
1121628
1911546
3000138
5718300
935009
5936715
500981
6499619
6480578
5998878
1138459
1542664
756436
6825256
3933957
5707682
5234058
936709
3882523
6113292
5496877
3968761
5038376
2203388
5615153
6631663
5510323
5022466
6610267
726977
3950635
6283229
6933545
220455
4122071
1375110
2186800
5879770
6097268
5125929
1886723
5233896
3135173
6507777
6107104
724255
4093584
4081664
868174
5192036
3969095
5979308
549690
4068994
2215442
5036012
764138
811733
2072424
5009826
1060845
6077981
5314531
6124189
2150497
5977289
5789316
6933707
6236932
1107659
6261802
4061335
3908526
5234673
5937188
1775614
1537303
5343269
64974
4134155
4142158
150668
954532
1656081
6438688
1303761
5991409
940710
650805
3886003
2152659
6279836
943351
5976393
4146026
1225521
1930695
6813510
6345308
1782786
5651856
1196929
2078110
2207682
6101607
418903
3875392
6673317
2130597
4065158
6572130
5720914
5960718
980719
5939457
2106302
3435587
509873
6077916
5973576
2230582
6236485
6522702
6433056
703255
1002062
6845544
2120290
6015655
5578990
6745684
5030214
2121391
6618825
5510008
22772
6327948
2108240
7011351
2205604
5269175
5708705
166595
549039
6708197
3914415
5582131
6394368
3895213
6158053
221219
645297
6592386
195021
6924912
5556408
5374827
5190491
6271581
1039295
6930200
6577420
26890
5218223
1721463
6185216
3908525
1516285
3749086
1637783
7006396
6460494
6450241
5049256
1006734
5037885
5367471
6391239
6441671
1303763
2101538
733324
6335269
5303542
4055720
5960204
1310441
5658476
6638904
5774796
4183504
989718
2006394
6192791
3877285
1998518
3859695
6101676
1408420
5030051
515958
6842903
4069283
3914421
4027574
6696928
4171086
2169944
221172
1764834
4219165
708759
5955266
1536116
3920588
1140495
5151593
6826304
2188822
5190483
2174437
4122284
3902760
2211469
3908524
1167578
1215703
5955386
4157281
1803958
2171950
6155582
1552275
5149025
1263526
1210353
5669328
1145769
6779898
5530275
838583
6081415
4111692
722034
6302014
5984648
4120295
5941776
5355808
5082209
1425264
1927790
6850815
1969556
4073099
835742
5678226
1689066
1202439
1501707
6371469
4029693
4105084
4164984
4152485
1172519
796779
6079043
3867436
4111028
2099187
5806728
6530549
40055
1597845
6625537
6874534
3912483
5503668
5488035
1334985
24530
6090471
1262936
219952
6497308
6228989
6408981
1384779
1036474
3985851
5131011
1546649
6051277
4216336
5195316
4104049
5814261
6408706
6377463
1467809
1514576
6987589
1268508
1070614
6992713
6994479
5834863
2168594
6229025
997453
1455777
3993696
6709174
1465089
5821499
1066033
1789562
5269148
5120674
6802115
3983314
5650028
4179467
1251275
1580598
3972974
6165205
5797596
6393270
5850803
5270882
5207531
1880261
6641727
556457
6813353
6857511
6313684
4138136
167713
5834869
5295323
1844042
4093583
5037606
4142130
6515999
5980691
6679680
1651230
1579181
6052986
713839
6874717
4171045
4084580
6381831
874081
938706
4137880
1546945
32960
51842
6013074
5899837
5251125
5509969
2050577
6626205
1651797
6024087
6028374
6091225
6547333
3946245
1802738
15997
427909
4151471
5620649
2138137
2117195
4173110
598224
1569425
1889799
3877288
5900304
5220249
1669790
5507528
3937261
737223
833673
1309612
6767970
5174998
6653580
6704285
6339617
5254944
2146970
5242971
5257412
6664299
740358
845656
5014007
5204592
4134153
4175052
784173
4053735
5708784
1331720
6132875
1912635
1658860
5953779
5009934
1231230
6129490
1319738
86062
5916772
3843837
3972962
5566178
6439084
6711458
5617484
6539824
5285470
6371821
6097266
4120499
6588189
6166888
4019168
2244604
6335259
2005278
5817648
4148190
1109645
4093587
5300290
2197704
3994001
5058328
5666220
1156774
1688938
3902763
2039272
2012011
2187016
3841980
1684175
5570806
2203409
2042703
6722637
1903711
5035891
3972976
5882096
473229
1978913
1309950
1793838
63829
5802574
53220
5239459
2028562
6710234
6752118
1981620
887248
5005279
2124257
5509251
5909156
5190485
4151408
5258497
5135398
108135
6199091
6930044
6892937
1236179
6673582
5956962
4173117
6323354
517231
5053319
733560
4163003
488363
4144067
5132797
1912624
5214170
6664575
6438365
1552124
729185
727445
6865189
1809824
5378831
1960595
528858
6371477
1822067
6204343
483992
6542255
5262466
6458417
6665102
4042016
2107270
2210705
5009231
5079881
784051
6342600
5235766
6843753
4193810
2042757
1268473
5214845
5826216
1549518
2097699
3993697
5959204
6982231
5936120
2124537
5019715
6460497
5882451
6113013
6462176
5151978
6451878
562809
876660
3912454
2184085
4116629
1185370
6339634
5574769
6939372
6229041
37693
434824
2169964
4031821
5905500
553825
6573355
1820837
6536846
1494262
4196351
5880852
1228411
5040170
5956974
953664
5606233
746987
6116865
6057198
1186289
5797917
1473559
5678258
269550
6524374
5777870
2078601
1861314
3948389
35042
3961629
6568166
5538162
4128918
1874233
5238144
5620898
6632135
1796602
6013922
1339286
6340368
6723189
6086921
6171138
5633958
2143152
5802579
6093664
1039292
495093
4014823
5274976
7008589
5039004
6247829
1668955
1303762
6535337
6448434
1121307
6389451
195101
4127377
5556843
6941963
1416671
5608494
4103192
3891489
6335782
5295425
5785662
2149779
918589
2164519
1005574
5778274
486756
1836560
6597790
5631910
5382926
5885570
6810543
6691752
6183136
1374496
5962715
6276582
6829762
2041068
5024754
3937258
6158057
3847492
1912590
4204459
5270881
578656
5178705
2115640
912501
5019297
60201
53026
1749694
37027
3977391
5175676
2217026
6445541
1820120
857404
1777260
4175018
5030053
1444746
6353623
5171074
2041072
2012341
5797914
6272816
4014824
639551
6340077
5935731
6552506
5644859
4110796
6605790
1286074
1605210
927953
5230641
6463489
4057919
5500572
2186490
6547302
6417513
783336
3943936
5942311
2175362
2246474
6322654
6788811
6477576
5522828
3954803
4002182
4008495
3929400
6288728
6181405
1417579
6693134
2177284
6265557
4083742
4021258
5582452
6964586
1408271
1817218
5049120
4118456
3879316
4059501
5991720
5717135
2058873
6408827
636043
2183803
3880816
716512
2124634
6700094
5019539
1062463
1802578
6858779
6272812
78523
5950737
6167118
5772534
6176733
465384
5529005
6839065
6524778
5263215
813160
1680957
6340370
1181815
6494581
1708544
1681685
5759561
5372409
5082192
6264252
5879763
5662492
3842222
6632146
6764321
1263528
797277
119878
4191802
1034442
5204636
4027651
51201
4084837
6711722
1787206
6424631
6632141
6232694
5050154
3914431
4025522
6479840
6626754
5635958
1572590
6600988
1552065
5626076
1670271
5030157
5798168
846596
6589655
4118454
5289300
1694698
6079041
6428836
6189002
2076294
6860631
6640529
4087764
6308439
6464729
3997972
146463
5690722
5972558
5031735
6603021
5912559
5557908
6663631
6429127
5173997
2194058
5039082
958436
123908
6435065
6713352
6434414
6663303
809110
742767
5507003
6864126
840291
1967841
5082080
3991605
6816579
6889330
2020829
3064335
6545455
2144197
1733078
6774924
6603831
2058862
1993436
47606
5233939
1414934
653585
4163013
5976878
1223991
54812
23828
4150306
6855010
6336946
5976875
5980747
5071181
409639
6826674
5190478
6506336
1059796
6431662
1861269
3869442
4153382
1782977
2201500
6413524
5593008
703853
6436075
4095605
942873
4005284
5784377
24975
881249
5778292
5852905
6268989
5519478
5144348
750858
55157
4148665
2155785
6418844
6523787
5759072
702816
1173123
3979170
1492221
51815
6130495
706997
6108232
1255689
4032311
6343645
6308075
193073
1059691
6713493
797131
5231869
2133077
2114611
938081
2145304
567925
6862562
5774806
5277382
6347402
5278120
97946
5939098
2092002
3513865
525690
760451
878788
119803
5714890
5831649
5030945
772545
6261118
1599288
5690729
6924913
792953
6132829
6093527
1142776
6812850
4150308
4063414
1123913
1336264
2150984
6272386
5706181
6731655
16404
5854954
6746697
1740027
5270884
1981442
6171146
6420067
6092112
718519
4173112
5816929
2172222
6108134
2237623
3884234
1911524
3512221
6574083
2237636
6511337
4035934
6079040
1637616
6640707
434833
1003990
6188737
6878583
4150307
5173909
3962746
5176597
6196028
6132926
6556750
3993695
2076378
3968678
5295377
1787207
5242155
1422992
1289971
813154
1821750
1949823
1166418
3013501
5166219
817526
6204707
6941957
5954228
2218609
5618994
3875395
5038841
1195826
5372405
5666253
1449866
5021228
2168633
3901134
1099346
6447614
6458491
903361
5938018
1402557
6250452
2056174
6456225
4152563
5554021
5071446
5627519
5258111
2183714
2162423
6575585
1547366
4128880
59694
1996334
1827599
4004281
6015197
6481985
3902758
6773533
7027347
645696
4068995
32148
1161787
6680989
5117596
490810
812630
1059209
6334579
6392008
3975048
6443076
2140108
6300082
2097694
1578166
6377683
3855560
6150703
5913771
1384772
1758703
955263
7021667
1181629
5778283
6705672
4059478
6997337
1121913
5940656
1594145
4099470
612425
5568219
3946945
1336675
3845685
749189
5018998
6151348
5773627
1262596
4110651
5066382
6272462
797038
1424807
6627838
1531309
3863298
5360329
6813334
1308688
5642158
4120267
1944619
1543102
6837311
5980797
6862161
1439330
5207397
6794780
2034307
6662297
1005678
1031469
6322073
5024764
4049727
1225614
977831
1215698
2123412
6245095
6174715
5684862
1663648
6617936
6045217
4012734
5980793
6017915
5852781
5178935
98390
1488547
5988251
6013181
1845496
515541
6262401
5996726
1880249
5230540
3900871
1680958
6632137
627378
2170107
5773286
1003234
2143752
4189804
1096442
3310990
4093582
6818947
5488670
5971240
5287940
1059789
6764727
1548386
5499782
6284886
4029688
4024359
1891449
6864192
2147082
2203013
6975602
6559812
5778276
5124507
839183
4193807
5304945
5603124
5302383
1833263
5690741
596364
6115475
3719210
1025773
5214174
788728
495709
2228621
5077714
5873529
1981973
5184342
2194437
6408831
2103546
4012735
5202900
5071530
1416148
3958580
3929093
1623770
34658
672253
3889883
849971
4148237
1186417
2035127
6159240
4150313
1924167
4177297
3966183
5723499
4196088
30970
5009578
4168756
1135983
203499
6488975
6064302
5724616
3914422
5001269
5352275
5852969
5870997
5669406
2120371
5831933
5375946
1780374
646852
6424566
220743
6327458
5234254
5190901
5040883
5176843
1903794
6251643
5968139
2071541
1599282
6272226
6092891
6963708
6336769
3310999
6517633
1765875
1668862
5727548
4093384
6235117
1775042
6408039
5652718
1173125
1062347
544193
6060993
3964017
578649
2155359
5511082
5361918
590127
3924906
637415
5496460
1533541
6282785
5984182
5161756
878122
5229543
203580
6266158
6110675
6113188
5839364
6353787
6792657
5566177
5820040
5620669
5840922
3012730
1740296
796485
6736940
590145
5045019
596366
1242982
5709898
5904565
5161934
4069300
6919267
6480788
5490781
3946255
6784661
1366865
1380526
6258023
2041038
5937190
4200306
6102172
1604456
5599965
26721
4105057
4080003
3845687
426390
5648456
703983
5166903
6568472
6740908
3907410
1094665
6079052
5557871
6039622
54984
5245048
6211853
4130479
6308467
2203400
6696674
1705301
6082090
4040015
6820877
723380
6587949
2120189
963261
6039661
6380307
6186896
28795
5083654
3942227
2214604
5347986
29411
1258857
6334570
1873282
4021254
1048758
7024203
6533430
1060587
6341830
687918
2194047
1655727
5078979
6492278
5636931
4193783
5709208
9838
590138
5304809
5862962
5005227
6792098
6003010
6216403
1678295
6298875
3977347
5021493
5708913
4042015
5082247
5368240
6549751
23897
5949305
509261
2147217
5054471
745223
6136831
1655088
749790
6516874
1185671
1756734
6762460
5062531
5883389
5770946
6665042
1037298
4177185
2208586
6065200
6686493
6686774
5021488
1296376
1716715
6897107
6190332
5046089
5528921
32667
5272587
469033
421683
6208225
5353680
436504
2103785
1993268
5287178
6120452
2140949
5009587
5896942
5003318
4189841
1394881
5900573
5117857
6256903
5076266
6640548
1697207
6417200
4002217
5734845
2204370
4025518
4122072
2204094
5033780
6145338
2214325
6093968
5284764
194767
1120237
5678804
6330724
3099791
6413310
5293447
5215292
6009665
5000590
5129291
2028864
5604384
6632142
6117997
1449821
3948420
3946244
1981432
5204062
495261
2227600
5168957
6879564
6345317
696991
3952882
2153724
6193349
6023966
813136
6195489
421387
1912067
513120
6597432
1652917
5166220
6907751
1818768
404541
6224223
55990
721230
5296667
6149053
5816816
2076593
6450228
5908264
5268977
6494580
4214134
4208473
3969025
6489514
6773517
176632
5674797
5596369
4002196
490682
38472
6630158
1685983
1589351
5238274
39095
1732489
1865580
6361768
4148497
1781649
6218211
4140949
6164235
5644695
3873428
6374883
3016377
16128
1998636
4097458
4179471
5558969
6941968
3851187
5840927
763490
3884245
7005766
2103096
2084196
2097700
3900869
6085952
6162620
5015185
943437
5023180
2138869
5900583
482860
5899432
1215574
2034309
1370102
5957005
590792
6676818
482864
2183076
64606
4002491
6187989
5505980
5853144
5190484
147555
6731664
4208171
711344
6342113
6085957
1277122
5542345
5190486
6767077
6023785
6315760
1908140
3960160
2030353
6300627
5186972
5723757
2174411
5656403
6562463
1480295
6282371
5181302
2123621
1734606
6846458
828353
775018
6345310
1132388
1516553
6049819
5346101
1495487
5190652
1668867
5265580
3914424
3955024
5013593
5183576
446606
3900882
5228325
1857668
5670721
4112703
5366154
2020293
5649341
6588187
5613966
6043632
5502588
43775
89648
5121559
813748
1771883
62726
5521577
6975524
5046710
1857517
5870384
5152643
2062750
5001263
6204386
6882463
5032629
421685
5288098
56169
6051358
164923
2168343
6396694
5619277
6631569
1275046
193810
6229340
5962710
6604455
6107253
4049728
4154572
6682381
4010612
5302779
6578872
922316
1344988
4116883
1719848
6315728
6732098
2143149
6837485
6621224
3105562
495712
2149796
1798918
5198197
6274085
4123826
3458743
2063954
2208782
484043
821832
5176915
1943153
2203422
2098672
19866
6745643
6919533
5852922
6740675
6664154
1440132
5490475
6283040
2006425
1927540
4103191
877695
4177262
1008814
3843846
6248633
6493083
6225928
6552501
6555496
43930
6398825
90426
6722579
6340365
1192425
1526500
5960654
5136954
6459871
2106058
5813086
5166649
3909681
6192940
4004289
3993677
220114
2223191
3916195
1924169
5131117
4214133
5859974
204992
1054984
6731112
6136630
6740904
59986
5831297
5323306
5220247
5161933
6474955
6127064
1933098
409899
1226004
6198019
6073820
5232025
5028484
5250853
5007845
5781190
5163343
6256914
8903
2207668
6919530
503128
4041994
1194158
2169952
6150021
4123825
5185558
6678036
4103194
5878966
5214656
58988
6310164
6903581
5500775
1051814
5691786
596365
5681478
4198188
5714502
2108350
1931477
5885123
1533158
5183575
5500120
5610438
6652879
6201415
2104120
5135174
2028557
6283218
6283016
5149019
5165910
1965432
5210470
421680
1408292
6195613
6664589
1780192
5653675
5208130
7004331
4106958
5195230
818427
1274724
3029874
5279304
914920
4216235
768911
1143922
6292179
16076
5762775
5203031
4196350
177274
95664
779251
5361849
6692183
5829486
3099788
1798917
6736687
5067009
6090667
2124263
6176420
6147472
1160854
58539
6693606
6397317
5258628
6413334
908676
5962721
6090459
5170664
1097177
6107105
2184645
2221599
6497386
2202576
1129403
1819022
6919532
1203770
6197828
1941490
5496860
4110795
1604776
6345245
4193802
431329
3959552
3182378
6622689
6033803
1649387
6840644
164917
4037930
6860927
3897058
5190482
5849182
5797370
1235034
6270715
5899661
7021692
4134158
915966
5004724
1604047
1329194
704608
6912227
5166183
500758
5770900
2005425
6479349
1053777
3327442
617386
6006056
5725839
2106420
5978086
6136632
7003381
645306
19982
5538711
6111390
6183170
6195574
5643841
5077408
1656632
6775615
6258957
2124511
30969
5246243
5032346
6570876
1822311
2026988
6371504
6043315
1956329
910314
5625130
558425
6449652
4159657
4077355
60981
5671303
6017548
6348220
6675600
6865437
5620905
1186715
4093572
814488
1605227
3993698
5343127
1471293
5082210
1618670
1294600
2157863
1740025
6677816
5941780
5938492
5941690
5263001
1059202
6077905
6573806
6130489
5853435
6026479
1444744
1717364
4105292
6079051
3902764
6456778
5023949
6120695
3997918
5012770
5168237
6006849
6641647
6798850
5361966
3931122
4204460
495577
2143667
6124182
4212155
6479385
1021580
1822084
1262934
5382001
1394542
5007851
2070067
6233930
6567837
4173113
6756823
1843498
5860392
2145549
6074837
961867
775214
5980704
5962714
816054
6539821
6901203
695985
4108872
3961739
5046195
1533137
1531300
4152512
5063726
1350164
5129732
5130239
3865405
1631910
2163105
5231452
5152436
4163204
1246518
2053302
6897068
1846845
1902899
6526972
5603999
3994002
6665038
5367286
4035928
6231067
5286805
5660429
6276431
4000042
1661182
5285728
2143147
6549683
5309391
223324
6252706
6417984
1708576
2081362
6427317
6297131
5017402
6375808
6963700
6639569
5532374
3931111
1384864
2115604
6075034
7001243
4125462
409906
432867
5723911
5862035
6588948
1526365
6366986
4106962
5904808
221701
5352813
1151893
62248
3009067
5913799
5313027
6913788
480337
1041779
5046196
5044054
1516552
3971192
6609913
4075221
5236531
5784465
6370117
37701
5296636
92935
5184517
5882667
6245868
6820882
6065380
5544219
714473
1457619
5853581
1922413
1584331
5305516
957012
6645059
4130663
6406058
6596195
2063336
936575
5994385
4122085
6046127
5998411
6138161
6909962
884926
2237593
4204442
5778621
2205942
5140253
5620903
6732079
5252544
1716196
500358
6319239
5190480
5048618
645289
6368722
5684673
1547616
714599
1978959
1412402
2221333
1548388
5948232
1341805
2223188
5015505
4085748
6729379
6775404
4116649
6862318
2177466
6362166
6737473
1375091
6794773
5021462
5992696
3931372
6276083
6120458
1782029
6023773
558307
1997662
1589357
6208436
4198112
824624
2073460
5293445
1724341
3867437
1550747
2064260
6341841
5322507
6862261
5858597
1333800
6587202
2202100
176716
2103664
5840727
1881025
2059603
5957004
4044213
1656013
888942
2092508
939544
7027389
4019163
5859731
6166910
1714217
6494582
6141876
6740895
5885110
878792
6207239
6119951
3977310
5269179
6945612
5003043
6440984
1310523
701480
1303022
1552107
6919681
6017914
4077353
6285484
1222542
883845
840290
6599101
6151283
4059503
5190918
6402219
5528965
2033648
6569153
1567797
939531
6101713
2082500
3931121
1701501
464785
3897315
5663758
3955017
5614858
5149018
7005827
5888296
4161739
2106437
6871940
1604020
6106868
6049596
5142611
30971
1538646
6694537
1210382
6632139
1605191
1014498
5865617
4057613
5654791
1809823
6203817
53346
6369636
6924915
5808579
6606701
5503145
5834343
6395198
6283165
1071809
1392461
1202965
6198932
4097466
5931152
5346949
5373504
1709881
2242670
1341310
3977348
5238113
6288980
6198183
5344026
6313244
561212
716201
6424741
4175058
698814
5230409
6613107
5485363
66982
2024089
3112002
6963383
796660
177382
885588
6125046
6810562
703254
1295289
6850986
5257396
940594
1142784
5982716
6624377
5240465
23710
426388
726866
1552278
6843669
5044843
5157350
3946243
6697206
2058370
6693853
2109667
4186759
1583914
1973260
6767816
6289130
1031920
5141091
3888027
1344571
6193673
4177190
4148667
6257951
2000105
5323603
3875393
6521985
6729429
1820812
62177
819096
3890023
6099022
1249173
4208190
1995866
1668886
5343444
3975028
1263529
6030876
4027616
1721042
1883515
6533435
6654449
1621355
6394370
3120146
5792480
6098684
4060377
5277202
5190479
168488
21204
5025099
772544
6989860
2162034
3561425
4164985
1210345
1053452
5648175
5072774
2108237
3910497
5071491
4112704
1589349
6175348
5556678
5639950
2149100
3993676
5876938
3064333
4087798
6945561
6329607
647438
6343993
6480567
6217979
3909089
6093141
1225572
63934
6631099
813831
438883
2184613
5778245
1410150
1175414
1263536
42009
8542
5900577
4200377
5519564
6494510
3955023
1927798
6315313
1339697
1173121
6676813
5257424
6755646
3957226
4142524
1552084
1756754
2097715
1912599
935078
6021897
1542081
6361349
597739
6294738
6766158
483991
6479857
5549224
4194103
6336900
6937911
6820883
2143226
5506270
5529317
4032093
6096539
5305525
1912608
6472332
1384770
432679
5868144
4132242
6399717
4029689
5018217
4031817
52089
6475257
5651695
5674987
1880260
5024749
2202104
6161035
6103537
5036005
1570584
1221700
1882493
1694728
727429
4073093
1873283
4040013
6814188
5199186
5168103
4191801
928873
5808477
2123129
5022359
4067024
6371483
6065344
5831296
3979169
2152399
796356
1208744
2242952
5885113
1263527
6740893
5791017
4105066
6620016
5772787
6092473
6460495
3914423
4181450
653574
988681
6758601
1960258
5142610
5272057
1533460
5082240
6203582
5046713
6726480
3924901
6062934
3906597
1472331
894816
6077919
95265
1274815
421691
6459957
2083818
5344048
5366779
1749868
5507499
5710092
63019
3863302
495493
5989577
6043107
2152179
3129636
6517638
6362854
6458901
6086003
1546836
3939645
5577
1463302
469071
1852718
5177178
6903441
5277201
5778284
4067027
5993636
6839074
6857945
1860404
6516823
5592881
6369568
5621336
5032147
6618768
756435
5586946
4031802
6227110
6371488
1275919
1453356
6428071
5723598
4120269
6904949
6728913
2212328
480060
4127616
5148882
5860365
1737989
5896101
4140097
3927020
2149566
1466193
5049116
895603
1755494
6302826
1113617
5540940
469407
1132886
1300156
3853584
5778278
126357
5834435
2145417
6399773
6579796
3847491
3182379
409905
6740906
5904809
6412848
1839930
6593756
1528657
5314042
2239254
2101029
3985334
1758452
1689056
4085750
436744
5913764
22763
5252541
6157211
6448192
2091712
6737265
6304107
2200856
3891504
6099067
5876345
6840646
6161767
7022902
10035
5157349
3077200
5058983
1262648
5246060
4093581
4218343
792476
5842817
6759994
1294991
2139671
5669744
2138103
5899951
6349690
6101880
3875401
32664
1995884
5524972
4093574
6684833
2103478
1751569
6990485
497599
6987700
1028397
1552465
1591588
605109
6745536
6049215
6569100
5037831
6595978
3929092
6644292
6152324
6079050
5723842
5064857
6043884
4146033
2105306
5778478
1492199
5710962
4043943
5711129
772541
6308952
4025538
1775203
2171806
6428027
5735058
503448
1927463
6522193
486766
5903496
4116916
1927472
818438
1113664
1918564
6642620
6084167
6640717
4044179
4212131
671710
6296252
5953416
2005658
6340508
5046193
6265493
4095600
5498930
784684
39386
3968684
5049199
4146027
6547398
549031
5013266
7024086
784708
6458500
1463609
2183719
1009716
4212156
6554674
5526764
950113
2191974
6049812
6459059
1472348
1943122
1150253
6157212
6914046
1418342
1391567
1040609
6813501
50927
1462957
6642692
1930558
37394
5635341
6513165
5704108
2205940
1927453
5905416
5542348
1080567
5960201
3272316
1589352
3937256
5664216
4101312
3310997
2244608
5678278
845694
6484297
5129219
540600
1210336
6151282
3847496
807194
3931095
6476248
6184262
1721087
5141290
5989422
5543191
7004539
3983287
5956696
7011058
2162835
6817192
2161981
5355829
1349216
5246539
49930
772743
4217141
796348
5163900
4120268
1184312
6268582
1596200
5564118
5723325
6704127
6287533
6875677
4183517
5124670
5624875
1532365
5263227
1839351
3950634
2128846
6009235
1046565
3987375
1860396
1094185
4025832
4196087
2082499
1997678
6438130
3941917
6181413
6674943
4059530
1720152
5877112
203491
5849292
5857781
1484680
1583907
2191972
796757
6158055
4218402
5308632
1531279
5798174
5813025
1148138
6161774
839174
5247281
5209442
591455
6399609
3970847
1590876
1908547
1355408
4065845
4185737
5904298
4198106
6786863
1668844
5382008
37545
823142
6882049
5198181
6414108
932670
6455281
3988178
5848846
5886313
2156041
6228947
1262940
5187817
5965040
779084
1173124
5148376
5700608
5136515
6250460
5918711
5532722
3931120
3540882
65933
5934467
6369278
6256931
6493179
1836679
2182622
6138282
65925
1509430
549868
5238625
6569139
6351065
6611051
2149570
6697447
1263530
5225675
6638539
5957183
5586934
6187536
6294028
6653581
5126088
66995
6136636
5625732
2002077
6417204
6155004
5349271
3981272
1408417
1582616
6469373
6250999
1425073
3888207
1319617
922153
851862
6391389
3972964
2046450
4085994
4181714
1444451
721722
1599286
1787211
3285382
6547329
3900900
6606439
3857226
6151435
1416149
4108889
1927825
6664567
6055379
6828319
5734846
6638619
5354280
5190707
6485663
5953592
6251843
5998398
5797866
6692043
1541208
6214226
870983
938583
1464058
1571157
1746542
6325710
714245
5960719
5190489
4164983
1606669
63774
2156408
5529456
6606153
5233164
1145816
1845356
5866013
6237746
1820105
6568809
2172748
6376293
6570873
6632145
6697092
5598199
4037998
835036
6092889
3906584
653308
695101
3884252
5784464
6072468
1648878
1195717
3851212
6042607
6622396
4043944
5316646
653064
6632136
5166583
3910499
1543097
1563272
5942309
5888157
6464728
791120
5237742
2112889
1179951
6857853
1379952
219991
3845684
1528687
3991607
3959573
5778293
1637699
5860080
1695720
6671263
6691002
6102216
5299768
6672200
935071
5644739
6547303
5955253
6529720
5971892
47822
6175693
5319813
6416959
5134015
5287186
1158914
6158049
2103506
1571103
4061334
5062536
599762
4101313
4093586
2234968
560972
6955699
3995796
640590
5019306
6120679
6718405
1038997
6099034
123277
5655547
6228967
4148191
5194608
2124817
1845354
6135339
6339711
2174965
6767513
1377639
46641
6616382
6322687
4198107
6610457
5277026
5853439
6569150
1995493
1865474
1509429
5022289
4187945
5573637
6651359
6715711
6590102
1463258
5124586
1599275
5223497
1235025
6670178
5166080
6668341